image.005713 0.028 158.1 450.2 600.2 450.2
image.005713 0.023 95.3 443.4 600.2 450.2
image.005713 0.021 309.0 96.4 382.3 175.7
image.005713 0.020 600.2 189.1 600.2 219.5
image.005713 0.018 1.0 48.2 100.7 106.9
image.005713 0.016 600.2 81.0 600.2 449.9
image.005713 0.016 152.8 3.0 265.4 65.6
image.005713 0.015 600.2 321.6 600.2 350.9
image.005713 0.015 600.2 11.0 600.2 121.7
image.005713 0.013 1.0 33.2 32.1 128.8
image.005713 0.013 9.4 1.0 346.7 1.8
image.005713 0.013 573.9 1.0 600.2 89.1
image.005713 0.011 540.7 127.4 600.2 212.5
image.005905 0.030 10.4 1.0 600.2 1.7
image.005905 0.028 1.0 1.0 1.8 146.5
image.005905 0.027 600.2 198.0 600.2 255.8
image.005905 0.022 600.2 1.0 600.2 1.8
image.005905 0.021 1.0 1.0 600.2 16.8
image.005905 0.020 600.2 53.3 600.2 340.5
image.005905 0.020 600.2 389.2 600.2 409.3
image.005905 0.019 600.2 1.0 600.2 45.4
image.005905 0.018 401.6 1.0 600.2 68.2
image.005905 0.018 600.2 310.5 600.2 365.1
image.002152 0.043 3.0 295.8 78.7 436.5
image.002152 0.035 56.4 7.4 204.2 65.7
image.002152 0.031 24.4 381.7 73.6 450.2
image.002152 0.029 600.2 1.0 600.2 1.8
image.002152 0.028 1.0 450.2 80.5 450.2
image.002152 0.028 1.0 450.2 1.7 450.2
image.002152 0.028 199.8 450.2 600.2 450.2
image.002152 0.023 123.0 52.6 228.3 126.7
image.002152 0.020 1.0 1.0 1.8 1.8
image.002152 0.020 600.2 1.0 600.2 59.9
image.002152 0.019 357.7 20.2 480.8 105.4
image.002152 0.019 600.2 295.5 600.2 450.1
